3.2355608250926674e-05
3.2355608250926674e-05
3.2355608250926674e-05
3.2355608250926674e-05
1.3714705182907045
1.3093034010543785
3.2355608250926674e-05
1.2251978812306223
3.2355608250926674e-05
3.2355608250926674e-05
1.267833767842591
1.200075721414032
3.2355608250926674e-05
1.4530659539811839
3.2355608250926674e-05
3.2355608250926674e-05
1.0701663465199396
1.5842023236698946
3.2355608250926674e-05
1.2164562626183157
0.0008840839655334576
1.1900025812121968
3.2355608250926674e-05
1.2633266903154838
1.3465111018306113
1.5267014394806118
3.2355608250926674e-05
3.2355608250926674e-05
3.2355608250926674e-05
1.2151581797238855
1.2918057959444011
3.2355608250926674e-05
1.5524784341029043
1.2042761394706119
0.39146889688056913
1.231763794552656
1.101203265822954
1.2762652839339401
1.7919773077866141
3.2355608250926674e-05
1.2579473582291898
3.2355608250926674e-05
1.3101590781451355
3.2355608250926674e-05
1.7015622771829078
1.2694385820999576
1.2733620291596255
1.336648083828482
1.3475228674243553
1.2649913395394348
3.2355608250926674e-05
3.2355608250926674e-05
1.3259076330420227
1.530579931764032
1.439888319339577
1.3092223503739568
3.2355608250926674e-05
3.2355608250926674e-05
3.2355608250926674e-05
3.2355608250926674e-05
3.2355608250926674e-05
1.301854709373007
3.2355608250926674e-05
1.413235275881691
3.2355608250926674e-05
1.5671025104381844
1.37053629305158
3.2355608250926674e-05
1.2698191130863534
3.2355608250926674e-05
3.2355608250926674e-05
3.2355608250926674e-05
3.2355608250926674e-05
1.298409343972199
3.2355608250926674e-05
3.2355608250926674e-05
1.3432430728537583
1.2879848416289097
1.3463688351076226
3.2355608250926674e-05
3.2355608250926674e-05
1.4165078218243146
3.2355608250926674e-05
1.3055542763409107
3.2355608250926674e-05
3.2355608250926674e-05
3.2355608250926674e-05
3.2355608250926674e-05
1.294600967100222
3.2355608250926674e-05
1.3163670617174608
1.261216597769012
0.43434336916109745
1.2227411586038817
1.2165070593476925
3.2355608250926674e-05
3.2355608250926674e-05
3.2355608250926674e-05
1.4845004528934975
1.3386836617856284
3.2355608250926674e-05
3.2355608250926674e-05
3.2355608250926674e-05
1.5410054995272884
0.3581021610543014
1.3116497785272183
3.2355608250926674e-05
3.2355608250926674e-05
3.2355608250926674e-05
3.2355608250926674e-05
1.632371518018043
1.2868024440595915
3.2355608250926674e-05
1.228693605342137
1.2426062093548382
3.2355608250926674e-05
1.227327822429019
3.2355608250926674e-05
3.2355608250926674e-05
1.2161846766938096
1.3275769601748848
3.2355608250926674e-05
3.2355608250926674e-05
1.506266225747358
3.2355608250926674e-05
1.3277806171775315
1.2846346790271326
3.2355608250926674e-05
1.2325061232864094
3.2355608250926674e-05
1.6034678122549073
1.5293224355638502
3.2355608250926674e-05
1.267212539808597
1.210696309176341
3.2355608250926674e-05
3.2355608250926674e-05
3.2355608250926674e-05
1.5119348751622548
3.2355608250926674e-05
3.2355608250926674e-05
1.2325942083456212
3.2355608250926674e-05
3.2355608250926674e-05
3.2355608250926674e-05
3.2355608250926674e-05
1.3277504993199614
0.7383872191470923
3.2355608250926674e-05
3.2355608250926674e-05
3.2355608250926674e-05
3.2355608250926674e-05
3.2355608250926674e-05
3.2355608250926674e-05
1.4768332785226062
1.2011316961018825
3.2355608250926674e-05
1.2351753236754754
1.2430842750761975
3.2355608250926674e-05
1.3184684802805895
3.2355608250926674e-05
3.2355608250926674e-05
1.534932730363072
1.2703568318153065
1.5316246011606747
3.2355608250926674e-05
1.2332856163538142
1.312903789608265
3.2355608250926674e-05
1.4481644553009525
1.4411816011710072
1.299451961238604
1.243654323734359
3.2355608250926674e-05
3.2355608250926674e-05
0.0008975974840386268
1.2905518807796292
1.215181076332288
3.2355608250926674e-05
1.2640772351761362
3.2355608250926674e-05
3.2355608250926674e-05
3.2355608250926674e-05
3.2355608250926674e-05
3.2355608250926674e-05
3.2355608250926674e-05
3.2355608250926674e-05
1.3398290375072457
1.2912805139603183
3.2355608250926674e-05
1.5319356019392096
3.2355608250926674e-05
1.4389711887432852
1.3866425406583096
3.2355608250926674e-05
1.3091943254518625
1.3304618227043694
3.2355608250926674e-05
1.2645849482317846
1.275147370387081
3.2355608250926674e-05
3.2355608250926674e-05
1.2629430371893355
1.0725834945707706
1.256200016101637
3.2355608250926674e-05
0.3349526249332544
1.258963427092901
3.2355608250926674e-05
1.2205675296450573
3.2355608250926674e-05
3.2355608250926674e-05
3.2355608250926674e-05
3.2355608250926674e-05
1.4886456646558428
1.4253604325862899
0.0009152639932681979
1.5736488728634808
3.2355608250926674e-05
1.43457010700929
3.2355608250926674e-05
1.2977186087815815
1.300599144478261
1.257832014441752
1.2978173997707991
1.2492739802902841
1.1817337768174159
1.2857207019099939
1.4891279535905422
1.3177852902167058
1.6603545927080026
3.2355608250926674e-05
3.2355608250926674e-05
0.3888977348965194
1.3475459237199299
3.2355608250926674e-05
3.2355608250926674e-05
1.3198926735413512
3.2355608250926674e-05
3.2355608250926674e-05
1.4934261973626868
1.667506828149283
3.2355608250926674e-05
3.2355608250926674e-05
3.2355608250926674e-05
1.2788482417886038
3.2355608250926674e-05
1.268157744865569
3.2355608250926674e-05
1.4839814881616455
3.2355608250926674e-05
1.2918283602854836
1.4603692761456106
3.2355608250926674e-05
1.3811337398281618
1.3147817607709973
3.2355608250926674e-05
2.1689275313502754
0.3439851103368296
1.2740316295248746
1.2956404291971162
3.2355608250926674e-05
3.2355608250926674e-05
1.261449011671597
1.2184909392745231
3.2355608250926674e-05
3.2355608250926674e-05
3.2355608250926674e-05
3.2355608250926674e-05
1.3516842027477158
1.1871492002872956
1.2729428361943267
3.2355608250926674e-05
1.184082556022749
1.1953362109605523
1.387957071740662
3.2355608250926674e-05
3.2355608250926674e-05
3.2355608250926674e-05
1.5849542769574836
0.46978001207313075
1.6017643890632431
3.2355608250926674e-05
3.2355608250926674e-05
3.2355608250926674e-05
3.2355608250926674e-05
1.2411618951044754
3.2355608250926674e-05
1.3774088627475343
1.3203052735694858
3.2355608250926674e-05
1.3221347829783958
1.6294307175881186
0.7331595049532657
3.2355608250926674e-05
3.2355608250926674e-05
3.2355608250926674e-05
3.2355608250926674e-05
3.2355608250926674e-05
3.2355608250926674e-05
1.5471166478779466
3.2355608250926674e-05
3.2355608250926674e-05
3.2355608250926674e-05
1.6686876382827693
1.4476446249434396
1.3061076480142986
1.2881587412366708
3.2355608250926674e-05
3.2355608250926674e-05
3.2355608250926674e-05
0.518254412498564
1.189787533239893
0.4970491178627419
3.2355608250926674e-05
3.2355608250926674e-05
1.2334127259235053
3.2355608250926674e-05
3.2355608250926674e-05
1.5920974312009684
3.2355608250926674e-05
3.2355608250926674e-05
1.28188618344399
3.2355608250926674e-05
3.2355608250926674e-05
1.7713395951805184
1.4519731983686233
0.6585403652766996
3.2355608250926674e-05
1.432341681371959
3.2355608250926674e-05
3.2355608250926674e-05
3.2355608250926674e-05
1.2708659955166712
3.2355608250926674e-05
3.2355608250926674e-05
3.2355608250926674e-05
3.2355608250926674e-05
1.297791303617147
3.2355608250926674e-05
1.2004908789388566
1.7066938346525966
3.2355608250926674e-05
3.2355608250926674e-05
3.2355608250926674e-05
3.2355608250926674e-05
1.493625383794352
1.2585468137933495
3.2355608250926674e-05
3.2355608250926674e-05
1.3158785183438606
3.2355608250926674e-05
1.296757964629308
1.5938087958824159
0.35973327699097124
1.5759777891604259
1.3890202902339692
3.2355608250926674e-05
3.2355608250926674e-05
3.2355608250926674e-05
3.2355608250926674e-05
3.2355608250926674e-05
3.2355608250926674e-05
3.2355608250926674e-05
1.2547407897789535
1.2276512306703338
1.5041064625965617
3.2355608250926674e-05
1.226150130719897
1.2187265401095928
1.5466951536103117
1.286200949456814
3.2355608250926674e-05
3.2355608250926674e-05
0.7638939132974468
1.6252769768503272
3.2355608250926674e-05
1.1846623361811834
3.2355608250926674e-05
1.405818160393098
1.5112105401064175
3.2355608250926674e-05
1.5631718285283416
3.2355608250926674e-05
3.2355608250926674e-05
1.1982006263878557
1.1964170948235051
3.2355608250926674e-05
3.2355608250926674e-05
3.2355608250926674e-05
3.2355608250926674e-05
1.5665084335018962
1.5590180407998937
0.30278298219050803
1.2704929622592775
3.2355608250926674e-05
3.2355608250926674e-05
1.2773892969992795
1.423473844114522
1.4687196318002094
3.2355608250926674e-05
1.1988625828812802
3.2355608250926674e-05
0.3326836337745601
1.3619992013430104
1.3028290807068534
3.2355608250926674e-05
0.6982903586435205
1.5653655460686855
1.2554880446319054
3.2355608250926674e-05
1.3086623993008746
3.2355608250926674e-05
3.2355608250926674e-05
1.228853655700073
1.273701502135377
3.2355608250926674e-05
3.2355608250926674e-05
1.4686020687997707
3.2355608250926674e-05
1.221196004959412
3.2355608250926674e-05
1.312370077499371
1.6078413154813451
3.2355608250926674e-05
1.280971154353024
3.2355608250926674e-05
3.2355608250926674e-05
1.373148215271846
1.2094848274596597
1.7227416933022048
1.2532816151705344
1.2975663141871228
1.2238048791935507
3.2355608250926674e-05
3.2355608250926674e-05
3.2355608250926674e-05
3.2355608250926674e-05
3.2355608250926674e-05
3.2355608250926674e-05
3.2355608250926674e-05
3.2355608250926674e-05
1.3656567759476719
1.266121966882843
3.2355608250926674e-05
1.3566547229657144
1.275443282880511
1.2418766118640965
3.2355608250926674e-05
3.2355608250926674e-05
1.5878084790539657
1.3394953223822164
3.2355608250926674e-05
3.2355608250926674e-05
3.2355608250926674e-05
1.4047296809958911
1.2844431516663475
3.2355608250926674e-05
0.7375567366780651
0.0009205047086223255
3.2355608250926674e-05
1.494140871319217
3.2355608250926674e-05
1.30745275385108
1.391631036627909
3.2355608250926674e-05
1.2491343131161965
3.2355608250926674e-05
3.2355608250926674e-05
3.2355608250926674e-05
1.4696831166477269
3.2355608250926674e-05
1.4846410583730418
3.2355608250926674e-05
3.2355608250926674e-05
1.4664166143857893
1.5782680817525572
0.5646656809949482
1.2698446109418189
3.2355608250926674e-05
3.2355608250926674e-05
3.2355608250926674e-05
3.2355608250926674e-05
3.2355608250926674e-05
3.2355608250926674e-05
3.2355608250926674e-05
1.6782764581766874
1.5317268902711592
1.302502520575986
3.2355608250926674e-05
3.2355608250926674e-05
3.2355608250926674e-05
1.2706903899462805
1.5042112307433326
1.2944706964567076
1.2175570149865533
1.2374999743283528
1.2697049221410774
1.3634140572728435
3.2355608250926674e-05
0.3949391096670323
1.2951915973032044
3.2355608250926674e-05
3.2355608250926674e-05
3.2355608250926674e-05
3.2355608250926674e-05
1.0474893943237893
3.2355608250926674e-05
3.2355608250926674e-05
0.35306963981928824
3.2355608250926674e-05
3.2355608250926674e-05
3.2355608250926674e-05
1.2589486806764807
3.2355608250926674e-05
1.3119082856425845
1.9795279548667988
3.2355608250926674e-05
3.2355608250926674e-05
3.2355608250926674e-05
3.2355608250926674e-05
1.5934209422023333
1.2431136069261812
3.2355608250926674e-05
3.2355608250926674e-05
3.2355608250926674e-05
1.8003915860503676
0.4355194794439615
1.2799576358550764
1.4418915947197697
1.2107359802308015
3.2355608250926674e-05
3.2355608250926674e-05
1.292355786506822
3.2355608250926674e-05
3.2355608250926674e-05
3.2355608250926674e-05
1.2547724703048353
1.4298498476693964
1.2128047473066226
1.2814751226955141
1.6176251830625898
3.2355608250926674e-05
3.5433421245254597
1.2093238630750431
3.2355608250926674e-05
3.2355608250926674e-05
3.2355608250926674e-05
1.2613788501293524
1.4408724215811686
3.2355608250926674e-05
3.2355608250926674e-05
3.2355608250926674e-05
3.2355608250926674e-05
1.2972420521213928
3.2355608250926674e-05
3.2355608250926674e-05
1.269819232352936
1.2889178354774413
3.2355608250926674e-05
1.2215116677428033
1.233472962300702
1.2814385086358793
3.2355608250926674e-05
3.2355608250926674e-05
3.2355608250926674e-05
1.2726800844448218
1.2123717955857405
3.2355608250926674e-05
1.2985737243941708
3.2355608250926674e-05
3.2355608250926674e-05
1.3336116288008955
3.2355608250926674e-05
1.7512692133870704
0.4509940809797868
1.2582321652095034
3.2355608250926674e-05
1.3154574485374102
3.2355608250926674e-05
1.2934943193155801
3.2355608250926674e-05
3.2355608250926674e-05
1.356674399285803
3.2355608250926674e-05
3.2355608250926674e-05
3.2355608250926674e-05
1.4099327587046497
1.5251628487661488
1.3702676214309524
1.566067905990774
1.5034719624077413
3.2355608250926674e-05
1.2871140702122223
3.2355608250926674e-05
0.395273865627889
3.2355608250926674e-05
1.2630770640309468
3.2355608250926674e-05
3.2355608250926674e-05
3.2355608250926674e-05
3.2355608250926674e-05
1.2511689563066697
3.2355608250926674e-05
3.2355608250926674e-05
3.2355608250926674e-05
3.2355608250926674e-05
3.2355608250926674e-05
3.2355608250926674e-05
1.1929109190977694
1.308570681452338
3.2355608250926674e-05
1.2881647293759384
1.5016290303795568
1.2484188576012896
1.1996297004450904
1.328025984897352
1.2733191530130246
1.2519913378579945
1.2981942687852124
1.4133123262501408
1.3420500101404897
1.227482647749505
3.2355608250926674e-05
3.2355608250926674e-05
1.3001856082284706
3.2355608250926674e-05
1.2623506312184938
3.2355608250926674e-05
1.2246634588941403
3.2355608250926674e-05
1.307844657503332
1.3026548244014895
1.2690047408567102
1.3482921298602855
3.2355608250926674e-05
1.3301296479474436
1.589976840622432
0.35588474086266275
3.2355608250926674e-05
1.3410771619362387
1.3766108705566655
1.3171923456995742
3.2355608250926674e-05
3.2355608250926674e-05
3.2355608250926674e-05
1.2554050271459398
3.2355608250926674e-05
3.2355608250926674e-05
3.2355608250926674e-05
3.2355608250926674e-05
0.40875760220721363
3.2355608250926674e-05
1.321628450869288
1.5349112516250454
1.3951157281817461
1.3562037267560358
3.2355608250926674e-05
1.4919098266840658
3.2355608250926674e-05
3.2355608250926674e-05
1.297025478893233
3.2355608250926674e-05
3.2355608250926674e-05
1.3168596319968056
1.2472024258794339
1.4342737937468761
3.2355608250926674e-05
1.5792448286372742
1.3192360509264829
3.2355608250926674e-05
3.2355608250926674e-05
1.4067600056488079
1.4089386461368487
1.3591012200150443
3.2355608250926674e-05
3.2355608250926674e-05
2.160810967555095
3.2355608250926674e-05
3.2355608250926674e-05
3.2355608250926674e-05
0.7213843487303347
1.6886322604723327
3.2355608250926674e-05
1.207387043184097
3.2355608250926674e-05
1.6998749893403546
3.2355608250926674e-05
3.2355608250926674e-05
1.260010988868712
3.2355608250926674e-05
3.2355608250926674e-05
3.2355608250926674e-05
1.2333995792976926
1.593045045196364
1.2495058821856846
3.2355608250926674e-05
3.2355608250926674e-05
3.2355608250926674e-05
3.2355608250926674e-05
0.000887980438479722
1.3105402622195843
1.2286438282780847
0.0008719377695424567
1.6160803609230767
3.2355608250926674e-05
1.3181773131320889
3.2355608250926674e-05
3.2355608250926674e-05
3.2355608250926674e-05
3.2355608250926674e-05
3.2355608250926674e-05
0.5368478116347586
1.1901755266630583
3.2355608250926674e-05
1.300320586260474
1.3281814307521138
2.201115793031507
1.5097006243782516
3.2355608250926674e-05
1.395580910617369
1.1900728155063767
3.2355608250926674e-05
3.2355608250926674e-05
1.6398835474882352
1.2824676851835397
3.2355608250926674e-05
0.41346145779433874
1.2421597687339905
0.6779371454517625
3.2355608250926674e-05
1.2225154156517586
3.2355608250926674e-05
1.6011027011813508
0.0010565237885958785
3.2355608250926674e-05
0.3337956833194265
1.5245200814242357
1.2798599916925246
1.2391332114555103
3.2355608250926674e-05
0.6446336641591658
1.394040710390126
1.3680313677055718
1.4189781591138313
1.292376338447798
1.2458393617133088
1.4050172606247233
3.2355608250926674e-05
1.2532931934207945
3.2355608250926674e-05
1.5795882572134663
0.7160755732248542
1.2909785555479838
3.2355608250926674e-05
3.2355608250926674e-05
3.2355608250926674e-05
1.307110986914221
3.2355608250926674e-05
1.262245115770174
1.266860794608991
7.585910988857144
3.2355608250926674e-05
1.2343947193170755
3.2355608250926674e-05
1.3095099162104635
1.2107204599013492
1.3712049138645896
3.2355608250926674e-05
3.2355608250926674e-05
1.266179653605486
3.2355608250926674e-05
1.3445589193891663
3.2355608250926674e-05
0.32508874958323747
3.2355608250926674e-05
1.2753811792273653
3.2355608250926674e-05
3.2355608250926674e-05
3.2355608250926674e-05
1.1688929730073268
1.5239233113310509
0.47432241260731794
3.2355608250926674e-05
1.4982703908037633
3.2355608250926674e-05
1.3602427229638148
3.2355608250926674e-05
3.2355608250926674e-05
3.2355608250926674e-05
3.2355608250926674e-05
3.2355608250926674e-05
1.6444823949357468
3.2355608250926674e-05
3.2355608250926674e-05
1.2351753236754754
3.2355608250926674e-05
1.2633178425200158
1.2465795662878998
0.0016119763202352747
1.3076538279997587
3.2355608250926674e-05
3.2355608250926674e-05
3.2355608250926674e-05
1.2921154688768592
3.2355608250926674e-05
3.2355608250926674e-05
1.3263094286084702
3.2355608250926674e-05
1.2025650683114042
3.2355608250926674e-05
3.2355608250926674e-05
1.2661258847128285
0.45483078573922886
0.46030807486520203
1.2539688523961574
1.2429207648798553
1.2515453558352836
1.1671431785879258
1.5557358342624894
3.2355608250926674e-05
1.5096041296436324
3.2355608250926674e-05
1.2848169552131796
1.2577089539626338
3.2355608250926674e-05
3.2355608250926674e-05
3.2355608250926674e-05
1.512138205365417
1.1817337768174159
1.7894509638781304
3.2355608250926674e-05
3.2355608250926674e-05
1.2204048711739102
1.2909714669691075
1.2194080628194084
1.221599620879504
3.2355608250926674e-05
3.2355608250926674e-05
3.2355608250926674e-05
1.3347850339454148
1.4657152944760314
3.2355608250926674e-05
3.2355608250926674e-05
1.4415754005184136
3.2355608250926674e-05
3.2355608250926674e-05
3.2355608250926674e-05
1.5692636298883804
3.2355608250926674e-05
0.30261373331796587
3.2355608250926674e-05
3.2355608250926674e-05
3.2355608250926674e-05
1.2637457575729032
1.2169282378432167
3.2355608250926674e-05
0.4116572235918904
1.2077624142705077
1.3129668748910435
3.2355608250926674e-05
1.25362022120806
1.206498591480331
1.2932584346938931
1.222818742451035
1.3040652854486252
1.310253402145775
1.24101746838346
3.2355608250926674e-05
1.187973544398189
1.489596685492333
1.2732114057290884
1.3100296486033947
3.2355608250926674e-05
1.5669775658348937
1.3228744043450458
3.2355608250926674e-05
1.2311327912423986
1.2750617796254882
0.832634291449561
1.2146279343975943
1.5591060124210616
3.2355608250926674e-05
1.235244235914409
1.3169418309596743
1.213461153534877
3.2355608250926674e-05
3.2355608250926674e-05
1.2022020455290905
1.331508403754738
3.2355608250926674e-05
1.2429627206785434
1.3599079580706608
1.201079806160164
1.2717946131342985
1.3634584311047901
3.2355608250926674e-05
1.2402165742288673
3.4000934573493575
1.4794364854365343
1.376214827502071
1.5391046293011053
1.445409419442319
1.4713883406154424
3.2355608250926674e-05
2.1472434022715174
1.2838654286843616
1.5140769515131067
1.3492883720858535
3.2355608250926674e-05
1.2235074180395316
1.854924688288302
1.2470149124634464
3.2355608250926674e-05
3.2355608250926674e-05
3.2355608250926674e-05
3.2355608250926674e-05
1.1953933895689903
3.2355608250926674e-05
1.253749713178828
1.6732701043720148
1.2995016206166559
0.7346146518533687
3.2355608250926674e-05
1.270755047467815
3.2355608250926674e-05
1.2392470550984105
1.5252151176217135
3.2355608250926674e-05
3.2355608250926674e-05
1.285094708820479
3.2355608250926674e-05
1.5557193512367171
3.2355608250926674e-05
1.2346595138623198
1.245593022734572
1.2107667650846
1.5087958450169847
1.4230382836156676
3.2355608250926674e-05
3.2355608250926674e-05
3.2355608250926674e-05
3.2355608250926674e-05
1.3199713788731362
3.2355608250926674e-05
1.226665246483486
1.525847150306876
1.2525310926485576
1.4252616882712035
1.2429464632337162
3.2355608250926674e-05
3.2355608250926674e-05
3.2355608250926674e-05
3.2355608250926674e-05
3.2355608250926674e-05
3.2355608250926674e-05
1.5139633398821921
1.2427798599036692
3.2355608250926674e-05
3.2355608250926674e-05
3.2355608250926674e-05
1.2746562397661345
3.2355608250926674e-05
3.2355608250926674e-05
0.44579028491445827
3.2355608250926674e-05
1.5161399501141044
1.5326590835625822
1.5427707562970336
3.2355608250926674e-05
1.327273142360647
3.2355608250926674e-05
1.3191368577723805
1.1950900191322094
3.2355608250926674e-05
3.2355608250926674e-05
1.483587830950943
3.2355608250926674e-05
1.299451961238604
1.5034183566568458
1.316759826900152
3.2355608250926674e-05
3.2355608250926674e-05
3.2355608250926674e-05
3.2355608250926674e-05
1.1874256039427638
0.4435844247442334
3.2355608250926674e-05
1.2500814826926192
3.2355608250926674e-05
1.2561725220494633
3.2355608250926674e-05
3.2355608250926674e-05
3.2355608250926674e-05
3.2355608250926674e-05
1.5183293504899975
3.2355608250926674e-05
1.3052327199045801
3.2355608250926674e-05
1.5491959835469042
3.2355608250926674e-05
1.4554346961501006
1.23204313902268
1.2345371260469447
1.2970699016382927
3.2355608250926674e-05
1.5796837766380791
1.2166170831878091
3.2355608250926674e-05
3.2355608250926674e-05
1.3997958663402077
0.38410287029247964
1.2248326184689273
1.2325514303971894
3.2355608250926674e-05
0.5119803902474723
1.2323667393297093
1.404706602053145
1.2102704797491695
3.2355608250926674e-05
1.4999776548036805
2.1882426571042792
3.2355608250926674e-05
3.2355608250926674e-05
1.3149627820452119
1.2701908688903816
3.2355608250926674e-05
1.235654430952259
1.2469132873946926
3.2355608250926674e-05
1.2839897992294227
3.2355608250926674e-05
1.94259562028396
3.2355608250926674e-05
1.5425840807271396
3.2355608250926674e-05
3.2355608250926674e-05
3.2355608250926674e-05
3.2355608250926674e-05
3.2355608250926674e-05
1.3684428373154065
3.2355608250926674e-05
1.2658334411188934
1.3904762624453582
1.312744890677285
3.2355608250926674e-05
1.3341400554836556
1.3238219821496409
1.5610951983952168
1.4569026680532378
3.2355608250926674e-05
3.2355608250926674e-05
3.2355608250926674e-05
1.3305693380048011
1.5511055893086967
3.2355608250926674e-05
3.2355608250926674e-05
0.3605109255414473
1.5074983385638177
3.2355608250926674e-05
3.2355608250926674e-05
3.2355608250926674e-05
1.2585787743176051
1.2364712574476444
3.2355608250926674e-05
3.2355608250926674e-05
1.5137962652613874
3.2355608250926674e-05
1.2937638590832694
1.5427097082065377
1.2346746450352042
3.2355608250926674e-05
0.0009099005406362781
1.2363714176848728
1.2420296586620774
3.2355608250926674e-05
1.4204290281423477
1.3813226868000288
1.2409534952390908
1.2101974042847108
3.2355608250926674e-05
1.2139849440862398
1.5056760763518993
3.2355608250926674e-05
1.2518838660525908
1.3850730661375958
3.2355608250926674e-05
3.2355608250926674e-05
1.4578723754328935
3.2355608250926674e-05
1.3150109591813393
1.212594486423028
1.4185709415152723
1.3593972599999575
3.2355608250926674e-05
3.2355608250926674e-05
0.33857229039647896
1.248443475828267
3.2355608250926674e-05
1.3263854264322528
1.5400958973793408
1.5030093968787335
0.645755632386221
3.2355608250926674e-05
3.2355608250926674e-05
1.241310392668248
3.2355608250926674e-05
3.2355608250926674e-05
3.2355608250926674e-05
3.2355608250926674e-05
1.2767289519492717
1.3382982447007357
1.3092008993211244
3.2355608250926674e-05
1.646736204711216
3.2355608250926674e-05
1.2778561030694315
3.2355608250926674e-05
1.2600280372353854
3.2355608250926674e-05
1.1933626516743565
1.180615667844049
3.2355608250926674e-05
1.3187796000515717
3.2355608250926674e-05
1.2863826710939334
1.2454464467753226
3.2355608250926674e-05
3.2355608250926674e-05
3.2355608250926674e-05
1.285082405644589
1.2216748785222207
1.3341427438006686
3.2355608250926674e-05
1.3409626722085832
1.332436772128028
3.2355608250926674e-05
1.710073711314446
3.2355608250926674e-05
1.2703473689902909
3.2355608250926674e-05
0.432439186795336
1.5051730354317907
1.289915668076284
1.2181863010624647
3.2355608250926674e-05
1.303459718092836
1.6531006137896813
3.2355608250926674e-05
3.2355608250926674e-05
3.2355608250926674e-05
3.2355608250926674e-05
1.2766119711637451
1.3017516946381682
3.2355608250926674e-05
3.2355608250926674e-05
3.2355608250926674e-05
3.2355608250926674e-05
3.2355608250926674e-05
3.2355608250926674e-05
1.3131060435490334
3.2355608250926674e-05
1.316434721363773
1.3063120807259396
3.2355608250926674e-05
3.2355608250926674e-05
3.2355608250926674e-05
3.2355608250926674e-05
3.2355608250926674e-05
3.2355608250926674e-05
3.2355608250926674e-05
1.8169175556256008
1.171905825079821
1.3105834342524079
0.4858828884354938
1.2982962968727696
1.2795278713663543
3.2355608250926674e-05
1.5412121316054197
0.6694646223519569
3.2355608250926674e-05
3.2355608250926674e-05
3.2355608250926674e-05
1.212726915245683
1.5590497513983883
1.2185590451962038
0.39849910650988973
3.2355608250926674e-05
3.2355608250926674e-05
1.561098877805544
3.2355608250926674e-05
1.2555537655546936
1.5650891658547212
1.2603234415856168
1.551112464970378
3.2355608250926674e-05
1.238409301690214
0.417223173131642
3.2355608250926674e-05
1.2330933996535698
3.2355608250926674e-05
1.2934943193155801
1.558789278833228
3.2355608250926674e-05
3.2355608250926674e-05
3.2355608250926674e-05
1.286310048918695
2.53449033233793
3.2355608250926674e-05
3.2355608250926674e-05
3.2355608250926674e-05
3.2355608250926674e-05
1.599861010595793
1.5307454513061798
3.2355608250926674e-05
3.2355608250926674e-05
3.2355608250926674e-05
1.3153879384684188
3.2355608250926674e-05
3.2355608250926674e-05
3.2355608250926674e-05
3.2355608250926674e-05
1.497989174787388
0.3981268246651394
3.2355608250926674e-05
1.6415102778062785
0.5930848801959346
1.3392874135439647
1.2364358429463373
1.3766060993490152
3.2355608250926674e-05
1.5279038200855168
0.0010460470623432606
3.2355608250926674e-05
3.2355608250926674e-05
1.5934660193152421
3.2355608250926674e-05
3.2355608250926674e-05
1.3188593883824948
3.2355608250926674e-05
1.255649964739098
1.3993350819143175
3.2355608250926674e-05
1.2952191849844323
1.5034370540392827
0.53043426598919
1.242913081461309
3.2355608250926674e-05
1.2624474680443525
3.2355608250926674e-05
1.2454106570648622
0.41031386754602467
1.569670268167383
1.2450848223877853
1.2365136314377108
0.8027641665315498
3.2355608250926674e-05
3.2355608250926674e-05
3.2355608250926674e-05
1.232390661482542
3.2355608250926674e-05
1.2683993108360665
1.5918816646134921
1.4403184748996791
1.5027594898160124
1.2040078572478745
1.2192084147493378
1.1965863046103744
3.2355608250926674e-05
1.586435169019256
1.5004126997278608
3.2355608250926674e-05
1.293474389478262
3.2355608250926674e-05
3.2355608250926674e-05
1.562155356658603
1.597523641872232
1.3131440111253003
3.2355608250926674e-05
3.2355608250926674e-05
3.2355608250926674e-05
3.2355608250926674e-05
3.2355608250926674e-05
3.2355608250926674e-05
3.2355608250926674e-05
3.2355608250926674e-05
3.2355608250926674e-05
1.3712491802493598
1.6441355532178359
3.2355608250926674e-05
3.2355608250926674e-05
3.2355608250926674e-05
1.5191446698587472
1.3305333744599044
1.2557764026503093
3.2355608250926674e-05
1.5594823787498344
1.2833261943332912
1.2301020049619877
3.2355608250926674e-05
3.2355608250926674e-05
1.2461703060008322
1.6473758033235615
3.2355608250926674e-05
3.2355608250926674e-05
3.2355608250926674e-05
1.2690364559889014
3.2355608250926674e-05
3.2355608250926674e-05
1.566677002758529
1.271132655848924
3.2355608250926674e-05
3.2355608250926674e-05
1.254148083904183
1.2666258508798915
1.304468420570381
1.3207563777161575
3.2355608250926674e-05
1.5621743108033717
3.2355608250926674e-05
1.560202041230376
3.2355608250926674e-05
1.5649303440232147
1.7157198669062599
1.4688935260365161
1.245187705461415
0.8516365288916704
1.2251685821289708
3.2355608250926674e-05
3.2355608250926674e-05
1.387608436968874
3.2355608250926674e-05
1.2692709480181918
1.5853954687771123
3.2355608250926674e-05
0.0009403413858041081
3.2355608250926674e-05
0.5351733925053582
3.2355608250926674e-05
3.2355608250926674e-05
3.2355608250926674e-05
1.2682127345947498
1.3284217050307026
1.5166353108912307
3.2355608250926674e-05
1.5188750013185528
3.2355608250926674e-05
3.2355608250926674e-05
3.2355608250926674e-05
1.3198817930473805
1.2243679189188448
3.2355608250926674e-05
3.2355608250926674e-05
1.2838128934539468
3.2355608250926674e-05
1.7209271828835668
1.3592181302511623
1.2987715850031327
3.2355608250926674e-05
3.2355608250926674e-05
1.571046455594206
3.2355608250926674e-05
1.3451922316161742
3.2355608250926674e-05
3.2355608250926674e-05
0.6233106896578281
3.2355608250926674e-05
1.3822206986548893
1.4656204097999324
1.28071124049703
3.2355608250926674e-05
3.2355608250926674e-05
1.3172789785722248
1.4326711258132083
3.2355608250926674e-05
3.2355608250926674e-05
3.2355608250926674e-05
1.3656466807598988
3.2355608250926674e-05
1.3360133634505926
1.2612392975000983
1.18472799416305
3.2355608250926674e-05
1.3565450137832205
1.2315308692381892
3.2355608250926674e-05
3.2355608250926674e-05
1.286410449072256
1.3555552241268944
0.3870393636490578
3.2355608250926674e-05
1.4207537358852294
3.2355608250926674e-05
1.2097385865202752
3.2355608250926674e-05
1.2360543821786218
1.4848275955470098
3.2355608250926674e-05
3.2355608250926674e-05
1.2994886915554995
3.2355608250926674e-05
3.2355608250926674e-05
3.2355608250926674e-05
1.468332121523207
1.2968316991037185
3.2355608250926674e-05
1.2216891590873615
1.3240647860185313
1.2514261808030012
1.5405859886198456
3.2355608250926674e-05
3.2355608250926674e-05
1.2509690876607316
3.2355608250926674e-05
3.2355608250926674e-05
1.3043348347504662
1.1949590666564134
1.57239493705486
3.2355608250926674e-05
0.6816048405669527
3.2355608250926674e-05
0.47673497092447853
1.734266589521244
3.2355608250926674e-05
3.2355608250926674e-05
1.2847011707171514
1.2425181220056687
3.2355608250926674e-05
0.6845583282873219
1.267369111135112
1.2352841141659798
1.2372087180835596
1.3585936225230848
3.2355608250926674e-05
1.2638473167507
1.258346461814952
3.2355608250926674e-05
3.2355608250926674e-05
0.4969498306524135
3.2355608250926674e-05
1.3632934194626765
1.234911880886861
1.113980767693062
3.2355608250926674e-05
1.2109756626331318
3.2355608250926674e-05
3.2355608250926674e-05
3.2355608250926674e-05
3.2355608250926674e-05
1.2727555131356152
3.2355608250926674e-05
0.42838813342872584
3.2355608250926674e-05
0.5704554110957765
1.5518353800409006
1.2339653339719656
1.2865868154293147
1.2438669372043973
1.534235746244839
1.531080065963874
1.5514346589322974
1.1875429070492285
1.2209280311524302
3.2355608250926674e-05
3.2355608250926674e-05
3.2355608250926674e-05
1.6374088981832817
1.580906068836154
1.2556403431661822
3.2355608250926674e-05
1.294821746691296
3.2355608250926674e-05
1.3186326118342886
1.2587692760396578
3.2355608250926674e-05
3.2355608250926674e-05
1.5826661292134294
1.270624183160961
3.2355608250926674e-05
3.2355608250926674e-05
1.5689833217409896
3.2355608250926674e-05
1.2376407178458941
3.2355608250926674e-05
3.2355608250926674e-05
1.5139633398821921
3.2355608250926674e-05
1.2464761390903316
1.281872846742543
1.6307758597635706
1.208699788894684
1.1142864773398238
1.4940923877605847
1.5837967003346076
1.2424022363233516
3.2355608250926674e-05
3.2355608250926674e-05
1.216995927373015
1.3265800608802765
3.2355608250926674e-05
1.3605195551252356
0.6252587420844066
1.2451505210438205
3.2355608250926674e-05
1.6532850511677968
1.200653686467725
3.2355608250926674e-05
1.2712503049521906
1.4983514523536487
3.2355608250926674e-05
1.2521209593729066
3.2355608250926674e-05
3.2355608250926674e-05
1.2410227800246894
2.3681848521186146
3.2355608250926674e-05
3.2355608250926674e-05
3.2355608250926674e-05
1.5807522552531588
3.2355608250926674e-05